1000
1001.11
1001.24
1002.63
1003.23
1005.44
1005.98
1007.29
1008.82
1010.48
1010.48
1011.4
1013.28
1014.14
1015.37
1015.67
1016.12
1016.54
1017.13
1017.81
1018.5
1019.2
1020.96
1021.43
1021.43
1021.43
1021.43
1021.43
1021.43
1021.55
1022.58
1023.54
1023.94
1024.34
1025.27
1025.27
1025.27
1025.27
1025.27
1025.27
1025.27
1025.41
1026.42
1026.42
1027.78
1028.14
1028.45
1029.94
1030.3
1030.8
1031.12
1032.47
1032.47
1032.47
1032.47
1033.05
1034.02
1034.85
1034.85
1036.73
1038.27
1039.36
1040.4
1041.5
1042.9
1043.9
1044.81
1045.62
1046.97
1047.95
1047.95
1048.72
1050.05
1050.33
1050.81
1052.7
1054.15
1054.85
1055.87
1056.81
1058.19
1059.37
1059.37
1059.58
1060.22
1061.18
1061.44
1062.43
1062.85
1063.7
1064.05
1065.65
1066.27
1067.42
1068.35
1069.52
1069.83
1070.04
1070.89
1071.27
1071.99
1072.32
1072.32
1072.32
1072.32
1072.32
1072.32
1073.47
1073.7
1074.9
1075.3
1076.52
1077.01
1078.0
1079.33
1079.58
1079.73
1080.15
1081.12
1081.12
1082.01
1082.63
1083.27
1083.6
1084.18
1084.47
1084.47
1085.18
1085.78
1086.69
1086.69
1086.69
1086.69
1086.69
1086.69
1086.69
1086.69
1088.34
1088.7
1089.36
1091.02
1091.75
1093.2
1094.03
1094.65
1095.25
