0.0045
0.0015
0.0060
0.0035
0.0015
0.0070
0.0000
0.0030
0.0010
0.0015
0.0015
0.0030
0.0020
0.0115
0.0070
0.0115
0.0100
0.0155
0.0115
0.0075
0.0095
0.0180
0.0155
0.0190
0.0225
0.0170
0.0255
0.0315
0.0285
0.0260
0.0210
0.0145
0.0130
0.0160
0.0220
0.0180
0.0140
0.0185
0.0155
0.0110
0.0080
0.0015
0.0060
0.0105
0.0070
0.0045
0.0030
0.0090
0.0120
0.0105
0.0150
0.0120
0.0160
0.0140
0.0100
0.0160
0.0190
0.0150
0.0095
0.0135
0.0080
0.0140
0.0170
0.0130
0.0095
0.0065
0.0115
0.0145
0.0200
0.0140
0.0230
0.0195
0.0240
0.0205
0.0175
0.0140
0.0120
0.0080
0.0055
0.0080
0.0035
0.0075
0.0125
0.0040
0.0025
0.0020
0.0085
0.0055
0.0080
0.0120
0.0070
0.0110
0.0075
0.0145
0.0160
0.0135
0.0095
0.0065
0.0100
0.0125
