0
0
1321249
1724189
0
1390328
1327497
2001500
1745727
1069246
1139309
1090890
1756097
1082937
1000000
1627815
1289731
1118010
0
1208580
1030753
1278479
0
1065070
0
0
1636498
0
1171182
0
3441673
1139427
1429274
0
1417976
1341565
1620126
1631684
0
0
0
1462974
0
1720274
1183294
2368857
0
0
1309925
1904248
0
0
0
0
0
0
0
0
0
0
0
0
0
1347061
0
1237673
0
0
0
0
1127823
1085593
0
0
1421797
1038659
0
1147246
1260625
1404611
0
4614142
0
0
0
0
1722837
1206145
1571073
1606497
1093267
1039100
0
1427011
1018767
0
1105164
1085528
1624386
1067899
1308445
1289927
1224935
1561944
2056892
1126338
1284012
0
2077897
1282331
1361400
1211674
1356742
1314380
1062000
1202021
2658988
1572073
3167894
0
0
0
1000000
1186535
1283764
1068360
0
2551651
1164757
0
0
7649008
0
0
0
0
1110527
0
0
1389167
0
0
0
1000000
1246473
0
1384365
2010141
0
0
0
0
0
0
0
0
0
1371127
1252712
0
0
0
0
1555375
0
0
0
0
1193512
1618640
0
1010052
1494814
0
1596609
1235002
1416653
0
1126412
1502326
0
0
0
0
0
0
0
0
0
0
1006248
1176361
1639358
1060826
0
2204232
1234631
1538598
1188766
1303489
1279180
2110209
1181508
0
1931799
1110632
1511594
1859772
1273128
1229490
1244857
1299223
1582848
1031294
0
1326336
0
1109588
0
1187276
1146301
0
0
0
1577727
0
0
1229489
0
0
0
0
1089303
0
0
1055939
1000000
1073118
1344296
1491717
0
0
1707428
0
1738286
2228747
0
1832868
1582920
1395566
1190250
0
0
0
0
0
0
0
1187297
2438337
2794257
0
1171396
0
0
0
0
0
1352763
0
5025250
1398633
1213985
1373904
1267286
2112893
0
1334129
1566029
1044446
1455146
0
0
0
1101937
0
0
0
1266382
0
1223521
0
1156860
2139904
1074276
0
3983288
0
1845773
1053646
1181472
1254553
0
0
3007394
1225273
1637785
1122536
0
0
0
1688144
1146033
0
0
1275608
1274276
1124580
1101977
1077752
0
0
0
1467098
2061672
1816833
1269301
1337511
1054983
0
0
1967691
0
0
0
0
0
1964361
0
0
1019705
1159295
0
0
0
0
0
1074132
0
2301497
0
0
0
0
0
0
1008037
0
0
6616492
0
0
0
0
0
0
0
0
0
1783704
1489864
1900964
1704033
0
0
0
0
0
1133465
0
0
6621089
1087159
0
2968485
1550783
0
0
1012663
0
0
0
1011028
1133755
1228195
0
2950559
1010965
1577099
1051391
1791400
1072895
1169319
1512393
1670958
2029790
1931302
1320663
0
0
1231526
1133316
1022176
0
1098041
0
1487788
1004079
1340624
2287917
2170012
2395112
1015640
1312249
0
0
2077024
2269492
1336775
0
0
0
1677321
0
1020996
1106221
0
1882358
0
0
0
1767769
0
1349573
0
1511553
0
0
0
1081417
0
0
0
0
0
0
0
0
0
0
1691715
0
0
0
1148491
1416110
1584881
0
0
1463470
2060998
1249149
1091279
1093093
2297858
1012656
0
0
1307191
1487039
0
1758361
0
0
1029959
2175845
2056967
0
0
0
7530907
1081242
1408892
1157473
4360508
1700810
1000000
1380060
0
1020369
1545640
0
2273148
2269375
0
1984350
0
0
1328862
1409723
0
1110797
0
1167558
0
1133466
1218921
1581048
2357707
1022252
0
1148662
0
1366000
1680045
0
0
0
1143347
0
1105991
0
0
1062364
1764224
0
1000000
0
0
0
0
0
0
0
0
1392658
1065280
1000000
1310281
1298963
0
0
0
0
0
0
0
1000000
0
0
2957298
0
0
0
0
1063297
1035377
0
0
0
1378813
1041425
1298804
1432744
1077510
1539561
0
1018099
1270976
1338284
0
0
1191898
0
1166899
0
0
0
0
1965727
1325241
1331663
1008369
1152436
2308783
1362916
1206008
1144775
0
4908082
0
0
2188054
1439929
0
0
1227153
1208708
0
1372650
1148453
1243020
1044450
2516446
1333107
1035736
1488316
0
0
2115501
1109259
0
0
1717736
0
0
0
1224974
0
0
5096285
1568468
1389590
1057242
0
0
1032871
0
1277863
1261262
1081214
0
1313693
1027950
1563147
1466664
1273060
1216531
0
1086082
0
0
0
0
0
0
0
0
0
0
0
0
1532307
1255998
0
1419682
1390192
0
0
1247420
1387904
1597546
1248225
1228813
0
0
1325385
1764543
1133331
1083310
1212380
1039394
0
0
1224196
1312090
1634726
0
1370322
0
1129775
2276336
1114959
0
1003921
1109184
1582692
1060459
0
1102792
1548968
2314989
0
0
0
1110147
1492670
0
1561303
0
1018814
1049949
0
1618847
1773778
1830740
0
1090504
1401233
1082543
0
1373148
0
0
1143471
1087606
1122170
0
0
1287637
1351489
0
1665431
1327351
1115916
2068835
0
0
0
1275329
0
0
1211266
1151740
0
0
0
1085981
0
3298908
1771915
0
0
0
0
0
0
1039597
0
1398123
1243663
1519524
0
2010144
0
1142626
0
1225428
1192768
0
0
1294225
1923920
1859402
1192284
2266339
1132744
0
1030158
1192828
1177072
1338843
0
0
0
0
0
0
0
0
1177790
1034561
1060611
1089201
0
1081822
1453119
1962689
1096941
1468598
0
1849256
2570822
1188007
2059773
1280830
0
0
0
0
1370490
2200258
0
1087831
1194298
1377243
1968723
1278885
0
1375081
1747273
0
0
1531003
0
1476686
0
1203904
1178566
1284140
1191953
1430957
1141895
0
0
0
1186539
1033665
0
0
1243676
1476125
1036302
0
1212065
1736839
1074635
1557545
1219043
0
0
1143414
1039748
0
0
0
0
1579569
0
1160154
0
0
0
0
0
1160135
1130229
0
1089173
1004978
1100105
1032075
1771082
1021292
1366458
0
0
1509404
1837093
1365176
0
1665572
0
0
0
0
0
1430523
1385746
0
1423241
1049163
1034923
1045446
1000000
1475851
2256701
1056651
0
1606491
1551654
0
1034309
1318510
1934157
1210209
1101349
0
1499000
1290512
1316690
0
0
1480209
1026419
1202600
1136529
1364143
1137324
1033700
0
1245359
0
0
1320434
1051448
1160069
1146052
0
0
1171325
0
0
1127078
1187120
0
0
1407963
1009528
0
0
1429788
0
1088051
1039152
1056197
1414651
0
1016566
0
0
0
0
0
0
0
0
0
0
0
1146142
1141081
0
0
0
0
0
0
0
2479963
1066635
1076459
1719429
0
3456149
5437884
1200251
1049077
1171713
1362210
0
0
2091387
2490435
0
1017491
0
0
0
0
1096512
1456808
0
0
1506334
0
1013480
1395716
1198447
1166504
