1047443
232592
1252898
1309602
392454
299168
1049477
1147749
1306198
940478
0
1406550
368452
1214617
4471257
0
1048629
1143053
276757
0
1063314
417284
0
0
958610
1111911
0
0
7177428
960295
129438
0
978347
0
0
1733750
991870
1519911
324384
1221246
2415530
40209
1000000
1251494
1070782
407919
1062863
1659331
934099
0
0
577848
0
999808
1501347
338189
104154
1303576
1827323
0
136134
1333690
1000836
1670655
959092
1825681
35588
1477569
1522052
0
1169133
443451
3691966
60874
1029005
1211970
1366936
1015342
1270993
1555986
1332097
0
1709447
0
795442
0
917756
0
1235581
1072263
0
770798
527124
1037494
55285
968245
142163
1148934
0
1237892
