936971
0
817365
1309602
1020054
0
1023867
286409
226120
264089
0
815994
1000494
1098265
6139396
0
353083
193104
1207540
795877
285773
993269
0
476438
841432
1111911
910817
701827
7177428
0
1225887
353906
1163651
1128395
243969
684941
978978
291498
464968
1243991
0
360895
0
1102092
528673
1173918
787393
1287615
372794
1045260
90876
304720
239934
931094
1306231
1352834
834578
68664
472532
1415006
1257383
490430
126654
2474308
212986
0
466261
820462
1522052
491516
871353
1160734
2466697
0
58336
786258
1580988
1015342
414115
304879
139199
1408131
547040
0
109622
254626
150431
46048
766018
0
688896
1047918
556499
0
1300838
951965
171359
1349713
1351797
0
