372911
20557
119527
0
285894
867254
1327497
1813870
868468
25104
82024
105846
429136
39734
1000000
682816
203003
0
609590
0
340317
1133367
0
0
830107
0
952469
748719
863476
0
0
134256
934081
80656
0
677118
741534
1385083
1031162
206520
0
0
337544
193806
0
1071382
2351
341254
1008079
1904248
1579732
753251
0
1011602
0
0
252692
591963
157983
227259
892838
0
1302017
194602
728388
205252
1266242
1478105
915748
817266
359900
232078
0
117553
114954
0
1916099
251622
1260625
280054
949402
0
274349
0
878716
659227
1722837
191094
0
1606497
277924
152509
1013637
0
0
860126
0
700271
313508
62954
927657
967782
0
0
1854187
0
0
693436
2077897
26082
0
186033
0
0
122548
0
0
1572073
569746
444801
27501
358833
257398
0
383077
1068360
567722
1747146
436571
1169506
1027018
4837169
1036951
1063607
395718
1473114
0
947563
722498
1389167
1120820
0
1029833
0
0
572648
1081424
1836296
3560113
228135
0
1040028
999063
110332
376710
629820
0
474384
1252712
1314550
643590
0
375626
104467
1058633
1127512
12888
124318
0
184550
824530
0
1494814
928308
0
1235002
132735
1223022
0
224908
656568
932730
101664
1419992
246320
0
2430248
240063
0
1629661
157113
889872
0
1060826
249807
90653
281747
1089100
0
382100
0
0
816664
786539
0
0
52818
0
1010365
278756
1112494
24061
247640
40596
0
492490
0
1077476
499651
967382
527173
395997
1887875
0
1577727
420758
1103447
768144
995424
1039030
239767
175014
792204
1422748
0
1055939
205211
1073118
1132694
712551
1286271
1489750
1254171
1021297
385266
490372
192264
1832868
1041861
1395566
1190250
238007
140542
0
124261
1368645
1281431
857978
1187297
1662875
2386985
362320
389817
69810
0
616241
979497
0
830584
343919
0
422136
1124367
1245468
150380
390253
53556
79083
202905
0
1455146
0
1167849
312229
183218
1222854
1360782
2061051
191319
947651
240038
954635
172350
1482943
0
306210
134403
954306
0
171547
0
0
435246
822861
646135
776188
696418
131663
1890098
313232
1006370
0
527838
479517
574939
0
0
622624
182047
0
1197634
805898
868922
183987
1924494
477380
1269301
1086407
850735
649203
1484881
1186528
119118
0
7695212
66013
1499624
1964361
1070390
0
76935
63795
1241573
1028775
806325
1521959
1094585
722785
1108301
2301497
714951
1252605
0
1026072
1125236
1185162
1008037
219561
1062173
6616492
593463
1118549
446833
1036433
141921
3637897
283723
374193
640625
549147
0
0
1026371
186655
1416809
2364817
305311
928062
0
905002
383747
6180258
0
212191
1226737
1550783
1026550
1137047
869167
875592
694489
244476
756186
0
366121
0
0
1010965
0
0
394147
0
182787
581650
79033
2029790
1521040
278337
0
888808
0
1015889
184895
1087762
0
826301
0
739119
0
198874
1624430
317887
275489
183152
2781723
1032991
2077024
501290
52663
187482
0
471526
1328900
0
1020996
258209
91054
1543105
211865
1363023
0
1377913
965684
0
1987114
536295
944702
1112371
379209
0
865762
641625
335130
1129235
327887
0
256178
1239715
1129557
308982
1186277
1188107
448772
1000000
1076041
348412
0
935766
366313
1463470
1774333
1162155
784636
0
1594062
0
298750
1456064
104408
131095
1018963
0
921663
0
880107
2175845
486726
1392150
393406
427197
0
140101
405343
1157473
4360508
0
1000000
0
0
249526
83781
0
2273148
332504
1342549
0
1439854
162347
198470
1211238
509349
967543
1591588
361263
234333
461953
798308
919692
0
125398
203088
1148662
926516
25552
1597967
1807642
964415
1130255
61523
295284
1105991
1089306
310720
298238
1344471
1067057
1000000
1501926
1083946
1734418
1225748
163653
1448138
64455
347165
1285937
119885
1000000
1310281
1078165
760965
390486
955207
1043848
1146003
190508
249434
0
7857
964704
2583520
3244850
578145
107641
313547
655444
973903
333667
0
1739593
1378813
0
0
59017
0
1539561
1076442
122558
719162
0
1066228
60135
400531
364643
745703
0
791074
123641
1034557
599483
83591
744806
88589
0
353708
1349715
1206008
0
0
0
0
757443
0
1439929
1624840
1492178
1094410
0
543815
906026
0
838509
0
1861586
1281712
0
1432999
40866
0
999319
718669
0
320438
0
60690
1153085
914965
0
1694665
317626
1981129
1107181
1389590
192690
1727724
1572622
907854
978758
860313
251848
1033553
870576
0
1027950
1348978
1466664
1173422
407573
392142
851352
1412204
169824
142747
205332
1124368
320958
886151
1985568
1461997
3313
749291
0
1283428
1255998
1002137
422006
1390192
372848
1190965
870961
836836
1384245
379705
299886
869612
1184218
176699
306194
81734
988340
847836
312792
0
780806
966663
103129
325856
830495
1174389
1100506
214681
374342
0
25221
0
0
0
0
1088365
974472
1445053
0
1200522
319489
1253146
13616
236672
42721
248433
139273
1018814
25634
429676
41238
0
1830740
1338491
0
1144885
204060
59585
761751
0
0
0
1087606
0
786790
211066
1287637
0
1268077
0
0
350747
2068835
202512
893705
506253
1275329
664868
1153336
1211266
1027161
1164046
122260
0
151014
0
0
984554
0
1725008
1039986
2946080
219751
570864
1039597
585723
0
85827
1345704
1307486
967767
367341
1139642
905286
0
0
64565
490016
839780
0
1812867
1192284
0
0
0
302587
48977
304382
0
1026460
230560
0
1629873
1443871
1989561
718236
848136
1116393
119397
112615
0
0
1004722
233335
1684900
1096941
87929
1591459
559849
191810
0
0
1280830
42613
273904
783826
1158609
1099327
1884212
678298
208412
97513
733913
1968723
988962
136263
1375081
0
453557
2160940
459256
902421
1107776
1256768
105153
366217
50585
864296
1209209
993173
0
274397
0
1186539
0
1996612
1071548
757976
0
899558
1387492
793510
0
1035142
1557545
1042406
1510757
249560
1143414
0
2355
921838
1509712
1381
1076201
1797052
197608
1427922
1133863
1220286
0
1342821
1160135
530645
0
311070
568161
187451
321703
177273
1021292
1366458
1202597
1283446
850000
1304152
1163925
251548
804320
483752
0
88426
973983
101701
532869
254685
58260
1337807
207277
0
272810
156572
937502
0
1036502
3615487
180325
0
1448767
224867
1318510
550443
1027052
0
0
720004
983050
331191
470844
0
0
1026419
492102
1136529
0
719254
942012
977820
288053
56861
588898
1320434
0
1074655
204162
4129
251818
96758
1617094
807819
131181
956672
92564
256364
176972
86433
232810
878845
1429788
181483
0
1035483
287113
1414651
334563
853334
0
76575
1514853
417710
883781
1244107
502097
1250603
0
1062059
147242
0
1141081
1349799
1106005
1060772
1070053
1217422
326190
529129
856130
1066635
74867
397481
263272
2904344
4253159
0
940505
1074171
298962
0
1661731
1641836
2490435
991300
1017491
1153802
508391
0
0
0
566334
593753
961057
129770
1163854
190752
1246888
0
1166504
