33683
1253357
398010
1497769
849406
531957
0
1136073
0
0
0
571749
1316225
2568942
1047147
1226465
478072
0
670528
0
666910
0
1449154
0
0
1054734
0
504791
6948
1493500
1894664
1983792
1041708
952063
342404
731746
1665992
552668
0
550144
268456
0
1629997
968669
0
1001326
386334
0
1006215
870238
1018600
1545356
404407
0
1227039
184318
967624
14906
424068
1275435
0
0
283408
0
1108693
14840
0
1081558
65817
1508180
2780821
294055
488256
13784
96257
720467
713750
1087688
0
130146
636203
719129
256210
2273386
525887
834342
1096691
0
101305
551418
1030914
1030605
642257
0
926612
989033
613268
1164268
675323
0
