-936971
1122665
-816376
-1309602
-245846
925318
-907163
305513
-194208
422433
1050391
-556289
-64800
-773198
-4471257
1061346
-353083
-193104
-276757
421087
-269790
-374517
1312554
688134
-637042
-1111911
1562673
304840
-7177428
1113288
364680
862594
-978347
0
1113795
-469135
-641565
-291498
1032738
-1221246
0
745177
0
-1047971
-528673
-299720
-787393
-1031698
1161854
255494
1371649
393098
996488
-722787
-1306231
-338189
177484
193103
-392095
62486
-136134
-490430
-126654
-407586
-118144
355124
1079048
-820462
-1522052
595907
-871353
-443451
-2466697
1024897
96684
-786258
-1366936
-1015342
-45850
-140468
-139199
0
-42254
1912445
533497
1355160
321075
1057293
-766018
0
340045
-770798
55093
138630
-55285
-915192
704364
-1148934
354077
0
