1000
1002.48
1005.31
1003.44
1005.94
1008.18
1007.0
1010.15
1014.21
1012.36
1009.83
1010.85
1014.21
1011.56
1007.84
997.52
999.71
1002.26
999.46
1000.92
998.87
998.1
997.32
994.06
995.79
998.22
995.21
990.8
987.76
973.7
968.56
974.01
971.89
973.6
976.41
979.14
982.25
983.68
987.08
989.78
987.46
993.03
995.43
997.11
999.19
997.0
998.16
1000.85
1004.61
1008.76
1006.6
1012.2
1009.24
1006.6
1008.45
1005.32
1003.23
1000.35
996.62
995.11
999.46
998.09
995.11
997.01
1003.35
1000.29
995.55
998.43
1001.63
999.94
1001.56
1002.79
1000.65
1009.86
1006.83
1005.32
1006.95
1004.16
1006.6
1009.05
1012.2
1014.14
1014.21
1011.44
1015.88
1012.24
1010.96
1007.72
1005.7
1007.3
1008.66
1006.36
1005.7
1007.92
1009.21
1011.14
1009.62
1007.79
1005.95
1009.04
1006.96
