1172688
1364342
0
0
1400695
0
0
0
0
0
0
0
0
0
0
0
0
0
1444458
0
0
0
1000000
0
1063521
1596920
0
1212970
0
2756654
0
0
0
1575909
0
0
0
0
1182334
1055682
1362270
0
1152462
0
0
0
1039729
1749348
0
0
1579732
1232609
1304925
1011602
1457970
1015566
1971297
2319365
1303196
1052804
1143262
1114911
1546737
0
1166648
0
1266242
1609347
1318388
1075139
0
0
1061253
1193633
0
0
2451765
0
0
0
1143425
0
1223804
1043074
1275478
1119016
0
0
0
0
0
0
1108109
0
0
1152628
0
0
0
0
0
0
0
0
0
0
0
1002094
0
0
0
0
0
0
0
0
0
0
0
1699267
1119851
1039677
0
0
0
0
1374075
0
0
1169506
1027018
0
1036951
1103428
1395494
1493484
0
1088465
1000000
0
1120820
1737144
1029833
0
0
1254714
0
0
3560113
1475512
1510567
1402921
1329579
1454333
1156941
1253280
1356054
0
0
1536486
1185350
1734702
1097500
0
1058633
1127512
1023561
1117131
0
0
1028060
0
0
1104593
0
0
0
1223022
0
0
1197950
1129130
1644377
2083792
1080479
1042966
2430248
1413153
1196307
1629661
0
0
0
0
2677218
0
0
0
0
0
0
0
0
1299912
0
0
0
0
0
0
0
0
0
0
1470376
0
1488619
0
1551366
0
0
1074029
2503253
1136952
0
1206257
1103447
0
1148887
1167647
1143457
1301778
0
3218883
1403905
0
0
0
0
0
1305564
1772791
0
1021297
0
0
1171585
0
0
0
0
1360463
1692236
1501951
1634231
1368645
1281431
1044396
0
0
0
1989436
0
1226491
1382150
1332594
1087348
1048450
0
1132917
0
0
0
0
0
0
1220478
0
0
0
0
1409632
1729950
1042000
0
1222854
1437842
2061051
0
1469625
0
1162529
0
0
0
1552087
0
1185921
0
0
0
0
1499959
1113024
0
0
0
0
2427306
1014567
1125334
0
0
1443353
2432609
0
0
0
0
0
1498568
1166233
1010113
0
0
0
0
0
0
1140948
1494969
0
1013005
1535779
7695212
1214055
1499624
0
1070390
1169765
0
0
1241573
1226086
1289879
1521959
1094585
0
1154325
0
1087072
1252605
1429404
1026072
1992699
1260308
0
1417338
1062173
0
1074877
1118549
1120149
1084635
1162001
4336529
1212039
1096645
2558755
0
0
0
0
1471363
1416809
3382437
1504353
1053819
0
5082498
1338590
0
0
1647578
0
0
1026550
1512949
0
1359480
1883303
1607624
0
0
0
2165670
0
0
0
0
0
0
0
0
0
0
0
0
1000000
1184024
0
0
0
1087762
0
1054980
0
0
0
0
0
0
0
0
2781723
1160713
0
0
0
1188033
1356751
1596696
0
1746387
0
0
1310223
0
1060684
1363023
1317569
0
1610385
0
2053712
0
1079393
1395532
2671718
0
1095657
2589642
1644998
1129235
1417192
1035674
1382461
1383993
1129557
1461140
0
1700022
1249621
1000000
0
0
0
1040878
1293814
0
0
0
0
0
0
0
1157032
1845667
0
0
1018963
0
1560269
1089732
0
0
0
1392150
1380437
1712907
0
0
0
0
0
0
0
0
2212655
0
0
1115173
0
0
1342549
0
1439854
1211239
0
0
1287762
0
1591588
0
1118640
0
0
0
0
0
1031724
0
1076403
0
0
1807642
1964448
1130255
0
1153462
0
1110406
1049693
0
0
1359233
0
1501926
1240960
2051639
1225748
1002401
1448138
1021663
1114783
0
0
0
0
0
1102690
1314382
1324042
1043848
1315355
1640986
1065219
0
1561491
1099744
0
3244850
1061471
1984438
1375150
0
0
1294647
1368508
1739593
0
0
0
0
0
0
1449414
0
0
0
1066228
1235858
0
1253530
0
1239493
1809342
1180457
1296403
0
0
0
0
0
0
0
0
0
3245620
0
1307216
1087268
0
0
1994690
1496717
0
0
1172428
0
0
0
0
0
0
0
0
1002239
1082499
0
0
1607559
1355938
0
1089182
1222350
1253043
0
2017151
1041794
0
0
0
0
1727724
2234461
0
1012520
0
0
0
1055045
0
0
0
0
0
0
1117098
0
1502398
2539175
1479727
1021954
1739995
1058122
1253703
1985568
2212720
1171065
1018974
1386467
0
0
1460363
0
0
1038458
1190965
0
0
0
0
0
1037182
1346853
0
0
0
0
0
0
1371487
1227761
0
0
0
1060070
0
1100506
0
0
0
1157500
0
0
0
0
1270667
0
0
0
1238613
1398112
1674534
0
0
1424876
0
1554822
0
0
1619893
0
0
0
1448812
0
0
0
1337839
0
1262094
1434436
0
0
0
1075047
2127582
0
0
1396462
0
0
0
0
1880009
1140490
1327242
0
1066546
1433990
0
0
1338325
1012719
1507033
0
1068497
0
0
1437075
2186883
1159274
3306084
1207956
1578755
0
1338480
0
0
0
1524482
0
1195755
0
1636914
0
0
1243302
1359454
0
0
0
0
0
0
1196061
0
0
0
0
1411036
1234025
1354906
1629873
2030522
1989561
1273825
1121341
0
0
0
0
1374222
0
0
0
0
0
1591459
0
0
0
0
0
1559181
1054446
1080619
1158609
0
0
1275110
0
0
0
0
0
1080791
0
0
1148837
2160940
0
1066834
0
1350943
0
0
0
0
0
0
1000000
1635207
2363004
0
0
2272309
1071548
0
0
0
1387492
0
0
0
0
0
1640840
1195811
0
0
1133143
1065468
1509712
1343902
0
1797052
0
1948425
1717488
1296534
1244115
1364825
0
0
1584275
0
0
0
0
0
0
0
1696268
1355967
0
0
0
1774720
0
1384111
1217970
1117509
1231655
1352574
0
0
1057090
0
0
0
0
0
0
0
0
3790178
0
0
1448767
0
0
0
0
0
2211825
0
0
0
2238861
1029332
0
0
0
0
0
0
0
1291745
0
1161203
1098729
0
0
0
0
1108241
1436687
0
1617094
1264259
0
0
1236710
1234124
0
0
1430570
1025591
0
1462736
0
0
0
0
1426451
0
1453372
1086673
1514853
1410808
1062393
2106606
5324143
1250603
1112361
1115830
1000000
0
0
1349799
1106005
1501709
1070053
1217422
1076035
2116088
0
0
0
0
1000000
0
0
0
0
0
0
1078953
1874790
0
0
1285197
0
1289786
1477599
1309842
1068514
0
0
1558461
1396605
0
1163854
0
0
0
0
