1047443
1355257
1253887
1309602
1166662
1224486
1166181
1739671
1338110
1627000
1050391
1666255
1304146
1539684
6139396
1061346
1048629
1143053
1207540
1216964
1079297
1036036
1312554
1164572
1163000
1111911
2473490
1006667
7177428
2073583
1720005
1216500
1163651
1128395
1357764
1949556
1329283
1519911
1822090
1243991
2415530
1146281
1000000
1305615
1070782
1282117
1062863
1915248
2468747
1300754
1462525
1275666
1236422
1208115
1501347
1352834
1116216
1565343
1907760
1477492
1257383
1333690
1000836
3737377
1053934
2180805
1580897
1477569
1522052
1087423
1169133
1160734
3691966
1085771
1184025
1211970
1580988
1015342
1639258
1720397
1332097
1408131
2214233
1912445
1438561
1609786
1389262
1103341
1235581
1072263
1028941
1047918
1138716
1176124
1300838
1005018
1017886
1349713
1705874
1237892
